1 0 2 2
0 1 2 2
2 0 9 9
0 2 9 9
3 1 4 1
1 3 4 1
4 3 5 10
3 4 5 10
5 0 3 7
0 5 3 7
6 4 10 9
4 6 10 9
7 3 4 6
3 7 4 6
8 3 9 7
3 8 9 7
9 0 9 1
0 9 9 1
3 2 5 3
2 3 5 3
5 1 10 1
1 5 10 1
5 8 6 10
8 5 6 10
6 0 2 5
0 6 2 5
2 9 3 9
9 2 3 9
4 2 9 8
2 4 9 8
6 5 3 3
5 6 3 3
3 0 1 10
0 3 1 10
2 5 9 10
5 2 9 10
7 2 7 10
2 7 7 10
4 7 8 1
7 4 8 1
8 9 6 7
9 8 6 7
1 4 1 10
4 1 1 10
5 3 2 3
3 5 2 3
7 6 2 3
6 7 2 3
1 8 10 10
8 1 10 10
3 9 1 10
9 3 1 10
3 6 1 8
6 3 1 8
1 9 10 2
9 1 10 2
8 0 3 2
0 8 3 2
8 4 2 9
4 8 2 9
4 5 10 1
5 4 10 1
5 7 2 5
7 5 2 5
4 0 2 10
0 4 2 10
4 9 9 1
9 4 9 1
9 6 10 1
6 9 10 1
9 5 4 4
5 9 4 4
